       2       3       4       5
       1       0       9       0
       2       4       5       6
       3       4       6       1

      17
      14

       8      24

       2       3       4       5
       1       0       9       0

       2       3       4       5
       1       0       9       0
       2       4       5       6
       3       4       6       1

  3.4375

      17
      14
       8      24
       2       3       4       5
       1       0       9       0
       2       3       4       5
       1       0       9       0
       2       4       5       6
       3       4       6       1
  3.4375

